FedAvg-baseline 0.0977,0.5991,
FedMedian-baseline 0.0977,0.5991,
FedAvgM-baseline 0.1178,0.6711,
FaultTolerantFedAvg-baseline 0.0897,0.5879,
Krum-baseline 0.0998,0.7002,
FedAvg-baseline 0.105,0.6097,0.6426,0.7621,0.8582,0.8378,0.8585,0.8847,0.8803,0.888,0.8861,0.8973,0.9064,0.9046,0.9133,0.9072,0.9123,0.9261,0.9261,0.9278,0.9344,0.9356,0.9382,0.9376,0.9406,0.9438,0.9455,0.9485,0.9513,0.9476,0.9495,0.9529,0.954,0.9537,0.9527,0.9558,0.958,0.9584,0.958,0.958,0.9581,0.9623,0.9602,0.9601,0.9599,0.961,0.9614,0.9631,0.962,0.9638,0.9643,0.964,0.9655,0.965,0.966,0.9668,0.9665,0.9673,0.9683,0.9674,0.9653,0.966,0.9675,0.9688,0.9685,0.9671,0.9674,0.9691,0.9694,0.9696,0.9679,0.9708,0.9701,0.9696,0.97,0.9716,0.9707,0.97,0.9707,0.9709,0.9725,0.9701,0.9743,0.972,0.9724,0.9715,0.9735,0.9729,0.9735,0.9725,0.9739,0.9727,0.9734,0.974,0.9737,0.972,0.9746,0.9728,0.974,0.9744,0.9746,
FedAvg-inverse(5) 0.1045,0.6525,0.5116,0.7505,0.8158,0.8034,0.847,0.7854,0.7923,0.8461,0.851,0.8687,0.8717,0.8584,0.8608,0.8455,0.8644,0.8801,0.834,0.8538,0.8609,0.8672,0.8617,0.8765,0.8732,0.8829,0.8682,0.8636,0.8039,0.8592,0.8569,0.8645,0.8748,0.854,0.8753,0.8501,0.8851,0.8887,0.8638,0.8753,0.8319,0.8599,0.867,0.8623,0.8537,0.7829,0.8436,0.8488,0.8552,0.8513,0.8452,0.7774,0.7981,0.829,0.809,0.8366,0.8389,0.7862,0.8037,0.7697,0.8008,0.8141,0.8353,0.231,0.7516,0.8268,0.8613,0.8326,0.7175,0.812,0.8554,0.8307,0.8647,0.835,0.8512,0.8458,0.6054,0.8367,0.7914,0.8205,0.8176,0.8452,0.7904,0.8503,0.8355,0.8765,0.8505,0.854,0.8803,0.8352,0.84,0.8527,0.7782,0.7616,0.8071,0.8016,0.8611,0.7992,0.7731,0.8271,0.8613,
FedAvg-flip_1-9(5) 0.096,0.6445,0.6027,0.8036,0.8485,0.8652,0.8666,0.8843,0.8913,0.8719,0.8889,0.8966,0.8978,0.906,0.9009,0.9069,0.9155,0.9175,0.921,0.9242,0.9296,0.933,0.9311,0.9379,0.9338,0.9416,0.9455,0.9481,0.9482,0.9465,0.9512,0.9499,0.9517,0.9489,0.9532,0.9527,0.9565,0.9584,0.9575,0.9599,0.9579,0.9608,0.9597,0.9619,0.9607,0.9629,0.961,0.9622,0.964,0.9649,0.9652,0.967,0.9671,0.9683,0.9655,0.9653,0.9649,0.9647,0.9643,0.9696,0.9691,0.9681,0.9694,0.9694,0.9713,0.9708,0.971,0.9712,0.9707,0.9698,0.9713,0.9713,0.972,0.9727,0.9732,0.9717,0.9718,0.9716,0.9722,0.9738,0.9709,0.9708,0.9719,0.9725,0.9739,0.9729,0.9729,0.9729,0.9732,0.9723,0.9726,0.9737,0.9753,0.9755,0.9745,0.9744,0.9745,0.975,0.9753,0.9737,0.9757,
FedAvg-noise_0.1(5) 0.108,0.6891,0.5498,0.8189,0.8693,0.8619,0.8842,0.8844,0.8959,0.8991,0.9055,0.9118,0.906,0.9083,0.9078,0.9214,0.9179,0.9283,0.9237,0.9306,0.9339,0.9358,0.9419,0.9421,0.9431,0.9447,0.9462,0.9491,0.951,0.9519,0.9517,0.9499,0.9552,0.9585,0.9563,0.9567,0.9598,0.9615,0.9593,0.9594,0.9589,0.9608,0.9616,0.9641,0.9644,0.9644,0.9631,0.9648,0.9662,0.9656,0.966,0.9656,0.9667,0.9645,0.9661,0.9657,0.9666,0.9679,0.9684,0.9667,0.9693,0.9696,0.9691,0.97,0.9687,0.9691,0.9696,0.9678,0.9714,0.9713,0.9723,0.9705,0.972,0.9728,0.9706,0.9721,0.9718,0.972,0.9707,0.9716,0.9737,0.9728,0.9714,0.9733,0.9728,0.9745,0.9745,0.9733,0.9738,0.9746,0.9759,0.9753,0.9744,0.9744,0.9755,0.9762,0.975,0.9751,0.9766,0.9776,0.9751,
FedAvg-noise_0.4(5) 0.0997,0.7172,0.816,0.8781,0.888,0.8953,0.9006,0.9072,0.9069,0.9129,0.9137,0.9145,0.9201,0.9208,0.9252,0.9279,0.933,0.9288,0.9346,0.9353,0.9372,0.941,0.9389,0.9413,0.941,0.9405,0.9462,0.9477,0.949,0.9484,0.9451,0.9495,0.9488,0.9537,0.9503,0.9539,0.957,0.9541,0.9562,0.9571,0.9577,0.9604,0.9568,0.9612,0.9586,0.9584,0.9578,0.9598,0.9594,0.9601,0.9612,0.9634,0.963,0.9625,0.9622,0.9603,0.9659,0.9631,0.9633,0.9657,0.9668,0.9667,0.9655,0.9696,0.9666,0.9668,0.9656,0.9691,0.9687,0.9675,0.9684,0.9665,0.9704,0.97,0.9705,0.9686,0.9704,0.9703,0.9709,0.9719,0.9718,0.9699,0.9714,0.972,0.9724,0.9726,0.9725,0.9737,0.9698,0.9722,0.9739,0.9742,0.9749,0.9732,0.9729,0.9726,0.973,0.9708,0.971,0.9735,0.9754,
FedMedian-baseline 0.1045,0.7244,0.6718,0.8329,0.8575,0.8721,0.8799,0.8935,0.8915,0.8968,0.8994,0.9028,0.9094,0.9148,0.9108,0.9151,0.9191,0.9295,0.9297,0.9311,0.9328,0.9367,0.9415,0.941,0.9463,0.9453,0.9483,0.9486,0.9495,0.9506,0.9503,0.9525,0.9548,0.9555,0.9565,0.9555,0.9607,0.9592,0.9605,0.9601,0.9614,0.9623,0.9629,0.9632,0.9638,0.9632,0.9634,0.9642,0.9649,0.966,0.9679,0.9651,0.9669,0.9661,0.9663,0.969,0.9679,0.968,0.9679,0.9678,0.9691,0.969,0.9692,0.9716,0.9694,0.9708,0.9698,0.9721,0.97,0.9693,0.9706,0.9718,0.9712,0.9714,0.972,0.9714,0.9726,0.973,0.9733,0.9725,0.9732,0.9742,0.9732,0.9738,0.9735,0.9723,0.9748,0.9748,0.9741,0.9749,0.9752,0.9755,0.9747,0.9738,0.9751,0.9738,0.9736,0.9774,0.9755,0.9765,0.9767,
FedMedian-inverse(5) 0.0924,0.5743,0.6269,0.8475,0.884,0.8764,0.8674,0.8643,0.8756,0.8911,0.8765,0.874,0.8704,0.869,0.9056,0.9002,0.9041,0.9034,0.9141,0.9181,0.9215,0.913,0.9234,0.9188,0.914,0.9118,0.9212,0.9216,0.9308,0.9325,0.929,0.9284,0.9235,0.9371,0.9371,0.938,0.938,0.9387,0.9429,0.9108,0.926,0.9278,0.9308,0.9253,0.9211,0.9377,0.9314,0.9231,0.9252,0.9326,0.9356,0.9453,0.9326,0.9298,0.9298,0.9332,0.9381,0.9376,0.9378,0.943,0.9389,0.9348,0.9359,0.9399,0.9438,0.944,0.9446,0.9457,0.9505,0.9506,0.9373,0.9486,0.9522,0.9424,0.9462,0.9289,0.9473,0.9201,0.9328,0.9509,0.949,0.952,0.9459,0.9535,0.9436,0.9507,0.9478,0.9421,0.9486,0.955,0.9552,0.9481,0.9555,0.956,0.9493,0.93,0.9469,0.9506,0.9479,0.9519,0.9483,
FedMedian-flip_1-9(5) 0.1126,0.6835,0.8399,0.8159,0.8722,0.8717,0.8836,0.8884,0.9003,0.9048,0.909,0.9016,0.9156,0.9146,0.9242,0.9221,0.9299,0.9264,0.932,0.9328,0.9355,0.9396,0.9437,0.9443,0.9458,0.9457,0.9494,0.9493,0.9527,0.9515,0.955,0.9548,0.9551,0.9555,0.9573,0.9576,0.9601,0.9601,0.9602,0.9617,0.9607,0.961,0.9614,0.963,0.9634,0.965,0.9631,0.965,0.9651,0.966,0.9647,0.9661,0.9674,0.9681,0.9678,0.9668,0.9689,0.9677,0.9688,0.9704,0.9704,0.972,0.97,0.9681,0.9703,0.9703,0.9708,0.9709,0.9708,0.973,0.9714,0.971,0.9726,0.9726,0.9742,0.9729,0.972,0.9732,0.973,0.972,0.9729,0.974,0.9732,0.9733,0.9743,0.9728,0.9736,0.9743,0.9753,0.9733,0.9738,0.9731,0.9747,0.9742,0.9751,0.975,0.9742,0.9743,0.9741,0.9757,0.9762,
FedMedian-noise_0.1(5) 0.0998,0.6597,0.7205,0.8443,0.8831,0.8797,0.8867,0.8943,0.9051,0.9037,0.9101,0.9086,0.9084,0.917,0.9238,0.9231,0.9275,0.9291,0.9311,0.9335,0.9399,0.9368,0.9443,0.943,0.9443,0.9439,0.9482,0.9489,0.9518,0.9518,0.9521,0.9561,0.954,0.9552,0.9557,0.9556,0.9566,0.9566,0.9558,0.9598,0.961,0.9623,0.9634,0.9622,0.9632,0.9636,0.9633,0.9629,0.9622,0.9654,0.9653,0.9651,0.9662,0.9657,0.9668,0.9671,0.9666,0.9679,0.9676,0.9684,0.9679,0.9677,0.9685,0.9684,0.9684,0.9693,0.9707,0.9705,0.9709,0.9712,0.9691,0.9705,0.9706,0.9737,0.9718,0.9721,0.9728,0.9709,0.973,0.9732,0.973,0.9724,0.9722,0.9733,0.9726,0.9725,0.9743,0.9725,0.9749,0.974,0.9747,0.9739,0.9742,0.9745,0.9752,0.9754,0.9734,0.9739,0.9737,0.9747,0.9747,
Krum-baseline 0.0977,0.7811,0.7774,0.7642,0.7709,0.6699,0.8376,0.8309,0.819,0.8598,0.8426,0.8434,0.8149,0.8474,0.8825,0.8757,0.8597,0.839,0.8768,0.8354,0.8859,0.8676,0.8416,0.8659,0.8981,0.8936,0.9095,0.9183,0.8922,0.908,0.9035,0.8963,0.9078,0.9136,0.9103,0.8769,0.9095,0.9067,0.9142,0.9138,0.9109,0.914,0.9209,0.9172,0.9255,0.915,0.9187,0.9239,0.9036,0.9004,0.9362,0.898,0.9345,0.9326,0.929,0.9376,0.9245,0.9176,0.9267,0.9434,0.9262,0.9366,0.9292,0.9149,0.9368,0.9348,0.9353,0.9281,0.938,0.9222,0.9415,0.937,0.938,0.9317,0.9288,0.905,0.9409,0.9383,0.9452,0.9335,0.9282,0.9365,0.9386,0.9389,0.935,0.9431,0.929,0.9312,0.9458,0.9303,0.9346,0.9338,0.9455,0.9458,0.9381,0.943,0.9432,0.9354,0.9174,0.9217,0.9439,
Krum-inverse(5) 0.1032,0.7452,0.6879,0.7626,0.815,0.794,0.7263,0.7957,0.8027,0.7556,0.8365,0.8255,0.849,0.8543,0.871,0.8676,0.8953,0.8816,0.8928,0.8469,0.8705,0.8773,0.8819,0.8963,0.9009,0.8998,0.8922,0.872,0.9058,0.8775,0.9001,0.9253,0.9188,0.8641,0.8931,0.9086,0.918,0.9047,0.8548,0.9024,0.9057,0.9173,0.9221,0.9199,0.9174,0.9018,0.9304,0.9157,0.9207,0.9082,0.9203,0.9364,0.9328,0.922,0.9238,0.9292,0.9405,0.932,0.937,0.9289,0.9207,0.9358,0.9352,0.9245,0.9357,0.9396,0.9413,0.9427,0.9171,0.9315,0.9433,0.9391,0.9418,0.9443,0.9432,0.9383,0.9352,0.9304,0.9369,0.943,0.919,0.9389,0.9469,0.9425,0.9484,0.9401,0.9454,0.9498,0.9394,0.9377,0.9492,0.9323,0.947,0.9452,0.929,0.9219,0.9371,0.95,0.9465,0.938,0.9439,
Krum-noise_0.1(5) 0.1082,0.6679,0.6862,0.8244,0.8251,0.7696,0.7982,0.8484,0.828,0.8478,0.8477,0.819,0.8568,0.7845,0.8698,0.8785,0.8593,0.8829,0.8801,0.8528,0.8588,0.8795,0.889,0.9063,0.8836,0.8996,0.8825,0.8798,0.9007,0.8884,0.8959,0.9063,0.9075,0.8985,0.9119,0.8941,0.8937,0.8877,0.9149,0.9027,0.924,0.9073,0.9197,0.923,0.9303,0.9217,0.9365,0.9194,0.9263,0.9235,0.9134,0.9277,0.9158,0.9201,0.9167,0.9189,0.9172,0.9105,0.9162,0.9334,0.9126,0.9252,0.9315,0.8905,0.9138,0.9334,0.9327,0.9365,0.942,0.9239,0.914,0.9415,0.9423,0.9386,0.9376,0.9352,0.9317,0.9389,0.9194,0.9299,0.9253,0.9424,0.9199,0.941,0.9321,0.9432,0.9391,0.9368,0.9459,0.9346,0.9273,0.9465,0.9495,0.9384,0.9359,0.9331,0.9395,0.9351,0.9339,0.9459,0.9393,
Krum_mnist_flip_dict 0.1093,0.7222,0.7273,0.7735,0.804,0.7892,0.8042,0.8037,0.8307,0.797,0.8216,0.8515,0.8582,0.8243,0.8578,0.8478,0.8634,0.8569,0.8903,0.8498,0.846,0.8948,0.8938,0.8862,0.9076,0.8933,0.8838,0.9069,0.8829,0.8993,0.9125,0.9029,0.9164,0.907,0.8983,0.9025,0.9122,0.8975,0.9295,0.929,0.9301,0.9218,0.9271,0.92,0.9206,0.9199,0.9142,0.9155,0.9344,0.9141,0.914,0.9328,0.928,0.926,0.9396,0.9066,0.915,0.9255,0.9403,0.9284,0.9336,0.9248,0.9173,0.94,0.9354,0.9354,0.9292,0.9168,0.9402,0.9264,0.9326,0.9347,0.9332,0.9438,0.9408,0.9419,0.9438,0.9224,0.9228,0.9452,0.9406,0.9414,0.9353,0.9441,0.9401,0.9371,0.942,0.946,0.937,0.9378,0.9331,0.9398,0.948,0.9424,0.934,0.9378,0.948,0.9485,0.9438,0.9497,0.9316,
#Krum-flip_1-9(5) 0.0905,0.6311,0.6807,0.7566,0.7724,0.7363,0.8079,0.7953,0.8344,0.8447,0.8335,0.8597,0.8682,0.8286,0.8599,0.8663,0.8723,0.8663,0.8974,0.8697,0.8819,0.8763,0.8833,0.8927,0.9093,0.8985,0.9085,0.8985,0.8981,0.8975,0.9045,0.9108,0.9134,0.9071,0.8857,0.9162,0.9203,0.9235,0.9154,0.9063,0.8877,0.9049,0.9272,0.926,0.9222,0.8993,0.9238,0.9238,0.9295,0.9127,0.9287,0.9211,0.9277,0.9326,0.9301,0.9351,0.8965,0.9159,0.9355,0.9322,0.9108,0.9312,0.9265,0.9439,0.931,0.9337,0.9348,0.9285,0.9366,0.9321,0.9348,0.9424,0.9236,0.935,0.9394,0.9378,0.9377,0.9353,0.9428,0.946,0.9407,0.9413,0.9328,0.9398,0.9457,0.9438,0.9363,0.9349,0.9312,0.9423,0.9419,0.9354,0.9382,0.946,0.9389,0.9366,0.9466,0.9321,0.943,0.9505,0.9404,
FedAvg-baseline 0.1224,0.4899,0.8345,0.717,0.8909,0.8824,0.9022,0.9101,0.9142,0.9137,0.9172,0.9231,0.9263,0.9243,0.9285,0.932,0.9299,0.9312,0.9311,0.9285,0.9409,0.9265,0.9371,0.9349,0.9403,0.9421,0.9415,0.9415,0.9426,0.9313,0.9503,0.9446,0.9521,0.946,0.9509,0.947,0.9521,0.9503,0.9512,0.955,0.9553,0.9552,0.9602,0.9569,0.9561,0.961,0.9561,0.9535,0.9612,0.9638,0.9621,0.9614,0.957,0.9631,0.962,0.9635,0.9579,0.9599,0.962,0.9637,0.961,0.965,0.9612,0.9667,0.9677,0.9615,0.9629,0.969,0.9644,0.9665,0.9678,0.9666,0.9656,0.9671,0.9668,0.9663,0.9672,0.9628,0.9677,0.9666,0.9693,0.9657,0.9644,0.963,0.9688,0.969,0.966,0.9697,0.9675,0.9698,0.9647,0.9686,0.9654,0.9696,0.9676,0.9682,0.9685,0.9656,0.9702,0.9675,0.971,
FedAvg-flip_1-9(5) 0.0896,0.6927,0.5786,0.7686,0.8571,0.8567,0.8701,0.8845,0.8832,0.8888,0.8855,0.8974,0.897,0.9002,0.8982,0.9091,0.9157,0.9111,0.9249,0.9303,0.9356,0.9335,0.9378,0.9429,0.9417,0.9437,0.9466,0.9466,0.9503,0.9487,0.9513,0.9527,0.9553,0.9521,0.9562,0.9565,0.9572,0.9581,0.9604,0.9609,0.9602,0.9617,0.9589,0.9639,0.9632,0.9637,0.9627,0.9643,0.9639,0.9656,0.9657,0.9659,0.9659,0.9644,0.9679,0.9644,0.9676,0.9687,0.9675,0.9681,0.9682,0.9704,0.9699,0.9683,0.9701,0.9688,0.969,0.9684,0.9706,0.9705,0.9709,0.971,0.9715,0.9721,0.9712,0.9704,0.9734,0.9725,0.9722,0.9722,0.9721,0.972,0.9708,0.97,0.9742,0.975,0.9738,0.9718,0.9742,0.9745,0.9745,0.9744,0.9755,0.9738,0.9762,0.9755,0.9744,0.9748,0.9755,0.9751,0.976,
FedAvg-full-baseline 0.1023,0.8096,0.8733,0.9003,0.9135,0.9221,0.9286,0.9354,0.9379,0.9475,0.9477,0.9526,0.9541,0.9592,0.9603,0.963,0.9632,0.9659,0.9686,0.9697,0.972,0.9723,0.9742,0.9734,0.974,0.9754,0.9743,0.976,0.9771,0.9774,0.9783,0.9796,0.9793,0.979,0.9797,0.9803,0.9793,0.9811,0.9818,0.9817,0.9809,0.9818,0.9824,0.9825,0.9824,0.9835,0.9833,0.9834,0.9839,0.9842,0.9846,0.9845,0.984,0.9846,0.985,0.9853,0.9853,0.9854,0.9853,0.9856,0.9855,0.9852,0.986,0.9853,0.9857,0.9864,0.987,0.9863,0.9867,0.9871,0.9868,0.9871,0.9876,0.9876,0.9873,0.9881,0.9881,0.9883,0.9871,0.9877,0.9881,0.9876,0.988,0.9883,0.9875,0.9882,0.989,0.9884,0.9882,0.9886,0.9883,0.9881,0.9879,0.9876,0.9886,0.9887,0.9886,0.9889,0.9887,0.9888,0.9894,
FedAvg-full-inverse(5) 0.0979,0.7843,0.8267,0.8443,0.8513,0.8428,0.7938,0.7254,0.8061,0.6891,0.7636,0.7895,0.7563,0.7908,0.8028,0.8073,0.77,0.7119,0.7294,0.7594,0.7695,0.7492,0.7778,0.7747,0.781,0.7897,0.7895,0.7808,0.7237,0.6873,0.7254,0.7445,0.7538,0.7726,0.7714,0.7894,0.8018,0.8053,0.7956,0.8067,0.7835,0.7257,0.6882,0.641,0.6378,0.6276,0.6235,0.6594,0.6144,0.6847,0.6864,0.7147,0.7164,0.6863,0.7101,0.7052,0.7173,0.5086,0.4973,0.6263,0.6705,0.6602,0.6588,0.7073,0.7263,0.7377,0.7426,0.7574,0.7625,0.72,0.7304,0.7442,0.7473,0.6895,0.7217,0.7456,0.7543,0.7523,0.7473,0.7176,0.7592,0.7574,0.7716,0.776,0.7891,0.7985,0.8036,0.8023,0.6954,0.7294,0.7725,0.7673,0.7757,0.7643,0.719,0.6795,0.6694,0.7064,0.7382,0.7075,0.7414,
FedAvg-full-flip_1-9(5) 0.1348,0.8047,0.87,0.8966,0.9149,0.9252,0.9347,0.9371,0.9423,0.9478,0.9511,0.9524,0.9565,0.9589,0.9625,0.9631,0.9659,0.9676,0.968,0.9708,0.9729,0.9722,0.9715,0.9748,0.9774,0.9762,0.9764,0.9769,0.978,0.9777,0.9791,0.9789,0.9785,0.9794,0.9806,0.9809,0.9805,0.9822,0.9818,0.9821,0.982,0.9823,0.9827,0.9833,0.9832,0.984,0.9842,0.9838,0.9834,0.9847,0.9837,0.985,0.9846,0.9854,0.9851,0.9857,0.9856,0.9855,0.9859,0.9853,0.9853,0.9865,0.9864,0.986,0.9864,0.9867,0.9869,0.9869,0.9864,0.9871,0.987,0.9866,0.9873,0.9865,0.9867,0.9867,0.9869,0.9879,0.9885,0.9885,0.9876,0.988,0.9885,0.9881,0.9882,0.9884,0.9881,0.9871,0.9898,0.9887,0.9888,0.9889,0.9892,0.9889,0.9892,0.9894,0.9888,0.99,0.9883,0.9884,0.9891,
FedAvg-full-noise_0.1(5) 0.1572,0.7292,0.8199,0.8349,0.8788,0.8892,0.9089,0.8877,0.8653,0.9354,0.9416,0.9321,0.9343,0.9513,0.9468,0.9413,0.9589,0.9379,0.9588,0.922,0.9538,0.9506,0.9639,0.9546,0.9672,0.9708,0.9359,0.9702,0.957,0.9541,0.9584,0.9474,0.9583,0.9689,0.9709,0.9584,0.9634,0.9665,0.9727,0.9449,0.9598,0.9499,0.9509,0.962,0.962,0.9689,0.9702,0.9714,0.9606,0.9664,0.9629,0.9736,0.9723,0.963,0.9648,0.9723,0.9658,0.9758,0.9715,0.9749,0.9567,0.9699,0.954,0.9676,0.9731,0.9645,0.9675,0.9742,0.969,0.9739,0.9684,0.9626,0.9723,0.9667,0.9667,0.9726,0.973,0.9722,0.9704,0.9644,0.9633,0.9563,0.9692,0.9648,0.9682,0.9607,0.9707,0.9729,0.974,0.9674,0.9676,0.9686,0.9712,0.9556,0.9523,0.9527,0.9592,0.9589,0.9606,0.9638,0.9648,
FedAvg-full-noise_0.4(5) 0.0888,0.7674,0.2116,0.8581,0.5289,0.2357,0.8367,0.1432,0.3109,0.7662,0.6647,0.4744,0.8149,0.5327,0.4947,0.5599,0.3096,0.4611,0.6208,0.7712,0.578,0.4189,0.348,0.6997,0.6379,0.5647,0.4972,0.7594,0.6858,0.8015,0.5396,0.6099,0.6762,0.6016,0.6771,0.6973,0.4839,0.7465,0.5931,0.7801,0.7334,0.8165,0.7195,0.6156,0.5806,0.7794,0.8157,0.7326,0.8338,0.7553,0.6801,0.6814,0.8312,0.7247,0.8287,0.7413,0.7447,0.7259,0.7026,0.7076,0.6067,0.6681,0.7963,0.8256,0.6569,0.6748,0.7418,0.7349,0.7247,0.824,0.8418,0.7638,0.8088,0.6692,0.746,0.6061,0.6912,0.6328,0.6931,0.7515,0.7739,0.8087,0.763,0.723,0.8209,0.6761,0.7906,0.8386,0.656,0.8104,0.7787,0.7994,0.7735,0.7818,0.7719,0.8241,0.8417,0.7152,0.8353,0.8485,0.7345,
FedMedian-baseline 0.1009,0.7503,0.8343,0.8781,0.9013,0.915,0.923,0.929,0.9358,0.9375,0.944,0.9475,0.95,0.9523,0.9546,0.9581,0.9608,0.9636,0.9645,0.9641,0.9673,0.9695,0.9699,0.9714,0.9729,0.9738,0.9747,0.9753,0.9755,0.9764,0.9768,0.9769,0.9775,0.978,0.9781,0.9797,0.9788,0.9807,0.9796,0.9814,0.9824,0.9817,0.9816,0.9816,0.9818,0.9819,0.9822,0.9828,0.9828,0.9822,0.9832,0.9845,0.9844,0.984,0.9848,0.9842,0.9837,0.985,0.9847,0.9853,0.9848,0.9847,0.9857,0.9856,0.9859,0.9855,0.9858,0.9867,0.9866,0.9871,0.9864,0.9862,0.9863,0.9864,0.9873,0.9871,0.9872,0.9866,0.9866,0.9876,0.9875,0.9876,0.9871,0.9874,0.9883,0.9876,0.9875,0.9874,0.9879,0.9884,0.9876,0.9877,0.9885,0.9884,0.9886,0.9879,0.9881,0.9877,0.9875,0.9873,0.9875,
FedMedian-full-inverse(5)0.0813,0.7911,0.8382,0.884,0.899,0.9118,0.9182,0.9256,0.9328,0.938,0.9413,0.948,0.9474,0.9535,0.9576,0.9589,0.9619,0.9639,0.9657,0.9669,0.9687,0.9677,0.9694,0.9715,0.9723,0.9735,0.9744,0.9749,0.9759,0.9761,0.9767,0.977,0.9782,0.9784,0.9791,0.9799,0.9803,0.9805,0.9812,0.9813,0.9823,0.9817,0.9823,0.9826,0.9831,0.9825,0.9833,0.9822,0.9843,0.983,0.9839,0.9842,0.9846,0.9846,0.9845,0.9857,0.985,0.9849,0.985,0.9855,0.9852,0.9853,0.9852,0.9854,0.9863,0.9858,0.9861,0.9853,0.9862,0.9857,0.9862,0.9865,0.9865,0.9867,0.9862,0.9866,0.9874,0.9871,0.9878,0.987,0.9878,0.9863,0.9878,0.9881,0.9871,0.9878,0.9877,0.9873,0.9874,0.987,0.988,0.9879,0.9881,0.988,0.9881,0.9875,0.9877,0.9882,0.9876,0.9883,0.9885,
FedMedian-full-noise_0.1(5)0.0764,0.79,0.8564,0.8848,0.9058,0.9182,0.9285,0.9329,0.937,0.9431,0.9478,0.9508,0.9543,0.9569,0.9605,0.9629,0.9651,0.9672,0.9692,0.9679,0.9705,0.9716,0.9732,0.9738,0.9748,0.9762,0.9754,0.9762,0.9776,0.978,0.9776,0.9787,0.9789,0.9791,0.9805,0.98,0.9806,0.9806,0.9817,0.9816,0.9819,0.9816,0.9815,0.9813,0.9825,0.9831,0.9838,0.9832,0.9836,0.9833,0.9838,0.9833,0.9842,0.9845,0.9844,0.9837,0.9844,0.9852,0.9848,0.9855,0.9851,0.9863,0.9853,0.9863,0.9865,0.9859,0.9863,0.9858,0.9864,0.9859,0.9869,0.9865,0.9865,0.9855,0.9865,0.987,0.9872,0.9867,0.9871,0.9869,0.9875,0.988,0.9873,0.9874,0.988,0.9873,0.9878,0.9878,0.9888,0.9878,0.988,0.9884,0.9885,0.9884,0.9887,0.9888,0.9886,0.9884,0.9892,0.9892,0.989,
FedMedian-full-noise_0.4(5) 0.0966,0.7841,0.859,0.8876,0.9057,0.9161,0.9233,0.9325,0.9367,0.9381,0.9444,0.9472,0.9523,0.9537,0.9573,0.9607,0.9603,0.9629,0.964,0.9668,0.9673,0.97,0.9695,0.9717,0.9723,0.9729,0.9741,0.9746,0.9753,0.9764,0.9764,0.9766,0.9778,0.9777,0.9793,0.9797,0.98,0.9802,0.9804,0.9812,0.98,0.9805,0.9817,0.9819,0.9819,0.9826,0.983,0.9829,0.9842,0.9835,0.9843,0.9832,0.9841,0.9844,0.9846,0.9833,0.9849,0.9855,0.9845,0.9852,0.9851,0.9849,0.9857,0.9852,0.9853,0.9859,0.9855,0.9857,0.9861,0.9858,0.9862,0.9865,0.9863,0.986,0.9862,0.9867,0.9861,0.9864,0.9871,0.9863,0.9872,0.9867,0.9868,0.9874,0.9877,0.9877,0.9868,0.9866,0.9879,0.9879,0.9874,0.9877,0.9879,0.9877,0.9873,0.9882,0.9888,0.9886,0.9885,0.9885,0.9879,
#FedMedian-full-flip_1-9(5) 0.087,0.7812,0.8637,0.8919,0.9078,0.9204,0.9282,0.9352,0.9403,0.9442,0.9469,0.9529,0.9566,0.9582,0.9621,0.9615,0.9654,0.9664,0.9683,0.9703,0.9718,0.9713,0.9727,0.9748,0.9721,0.9761,0.9765,0.9762,0.9771,0.9779,0.9775,0.9799,0.9805,0.9798,0.9803,0.9809,0.981,0.9821,0.9824,0.9821,0.9821,0.9823,0.9827,0.9831,0.9838,0.9838,0.9843,0.9835,0.984,0.9843,0.9846,0.9844,0.9843,0.9848,0.9856,0.9854,0.9851,0.986,0.9858,0.9862,0.9864,0.9867,0.9866,0.9867,0.9863,0.9871,0.9868,0.9872,0.9868,0.987,0.9857,0.9866,0.9875,0.987,0.9869,0.987,0.9878,0.9878,0.9877,0.9871,0.9882,0.988,0.9881,0.9872,0.9884,0.9886,0.9881,0.9888,0.989,0.989,0.9886,0.9874,0.9885,0.9888,0.9889,0.9889,0.989,0.9889,0.9892,0.9892,0.989,
Krum-full-baseline 0.1016,0.7181,0.8383,0.835,0.8983,0.9053,0.9067,0.925,0.9279,0.9342,0.9367,0.9442,0.9456,0.949,0.9481,0.9578,0.9563,0.962,0.9623,0.9613,0.9626,0.9637,0.9636,0.9652,0.9671,0.9691,0.9703,0.9712,0.9698,0.9687,0.9711,0.9715,0.9709,0.9722,0.9749,0.9764,0.9754,0.9759,0.9757,0.9785,0.9799,0.9779,0.974,0.9742,0.979,0.9779,0.9808,0.9757,0.9792,0.9775,0.9782,0.9798,0.9794,0.9797,0.9818,0.9807,0.9792,0.9787,0.9817,0.9808,0.9787,0.9794,0.9823,0.9823,0.9817,0.9815,0.9814,0.9835,0.9843,0.9839,0.9804,0.9843,0.9828,0.9852,0.9826,0.983,0.984,0.9816,0.9839,0.9823,0.9807,0.9837,0.9863,0.9813,0.9845,0.9846,0.9852,0.9817,0.9835,0.9838,0.9859,0.9856,0.9855,0.9863,0.9858,0.9861,0.9859,0.9856,0.9868,0.9851,0.9841,
Krum-full-flip_1-9(5) 0.0846,0.6753,0.7758,0.8682,0.8822,0.9067,0.9132,0.9157,0.9206,0.9261,0.936,0.9314,0.9374,0.9417,0.9519,0.9515,0.9563,0.9556,0.9568,0.9623,0.9626,0.9539,0.9615,0.9603,0.9674,0.9684,0.9618,0.9694,0.9638,0.965,0.9696,0.9723,0.9713,0.9742,0.9745,0.9749,0.9762,0.9759,0.9756,0.976,0.9773,0.9741,0.9749,0.9725,0.9784,0.98,0.9802,0.9792,0.978,0.9806,0.9803,0.9801,0.9802,0.9801,0.9824,0.9776,0.9806,0.9806,0.9811,0.9799,0.9791,0.9825,0.9798,0.9791,0.9803,0.9819,0.9792,0.9799,0.9818,0.9842,0.9796,0.9832,0.9836,0.9837,0.9831,0.9845,0.9816,0.9852,0.9838,0.9845,0.9809,0.9829,0.9851,0.9827,0.9822,0.9837,0.9826,0.9849,0.9836,0.9842,0.9848,0.9847,0.9835,0.986,0.9832,0.9836,0.9838,0.9864,0.9855,0.9858,0.9867,
Krum-full-inverse(5) 0.1246,0.7599,0.855,0.8826,0.8997,0.9151,0.9145,0.9241,0.9375,0.9381,0.9442,0.9391,0.9511,0.9504,0.9521,0.9529,0.9557,0.9539,0.9605,0.9619,0.9602,0.9647,0.9611,0.9696,0.9723,0.9655,0.9719,0.9666,0.9685,0.9695,0.9739,0.9747,0.9711,0.9736,0.9764,0.9743,0.9732,0.9743,0.9746,0.9771,0.9743,0.9765,0.9744,0.9737,0.9757,0.9788,0.9793,0.9767,0.9787,0.9786,0.9756,0.9768,0.9776,0.9792,0.9774,0.9811,0.9797,0.9786,0.9786,0.9809,0.9825,0.9822,0.9809,0.9822,0.9823,0.9822,0.9822,0.9798,0.9824,0.9809,0.9842,0.9825,0.9833,0.9844,0.9829,0.9836,0.9838,0.9822,0.9813,0.9854,0.9841,0.9843,0.9846,0.9827,0.9824,0.9841,0.9841,0.9828,0.9834,0.9839,0.9851,0.9805,0.9807,0.9837,0.9848,0.9844,0.9828,0.9838,0.9785,0.9825,0.9828,
Krum-full-noise_0.1(5) 0.0995,0.7012,0.8098,0.8824,0.893,0.912,0.9151,0.92,0.9338,0.937,0.9376,0.9407,0.9473,0.9552,0.9582,0.9503,0.9581,0.9559,0.9626,0.9608,0.966,0.9658,0.9689,0.9696,0.9674,0.9689,0.968,0.9714,0.9699,0.9687,0.9746,0.9715,0.9763,0.9692,0.973,0.9756,0.9696,0.9767,0.9777,0.9778,0.9733,0.9783,0.9772,0.9793,0.9773,0.9813,0.9804,0.9799,0.9788,0.9776,0.9791,0.9811,0.98,0.9765,0.982,0.9802,0.9834,0.9836,0.9817,0.9821,0.9828,0.9818,0.984,0.9804,0.9836,0.9836,0.9827,0.9836,0.9839,0.9838,0.9838,0.9844,0.9813,0.9843,0.9847,0.9839,0.9851,0.9838,0.9834,0.9832,0.9789,0.9838,0.985,0.984,0.9862,0.9839,0.9829,0.9859,0.9856,0.9839,0.987,0.9873,0.9838,0.986,0.9862,0.9857,0.9857,0.9869,0.9851,0.984,0.9838,
Krum-full-noise_0.4(5) 0.0963,0.7555,0.8573,0.8801,0.8981,0.9021,0.9095,0.9231,0.933,0.9387,0.9353,0.9352,0.9339,0.954,0.9557,0.9568,0.96,0.9614,0.9644,0.9637,0.9647,0.9597,0.9692,0.9685,0.9652,0.9709,0.9725,0.969,0.9722,0.9729,0.9718,0.9739,0.9682,0.9753,0.9746,0.9766,0.9762,0.9736,0.9778,0.9774,0.9772,0.9785,0.9787,0.9794,0.9691,0.9782,0.9781,0.9794,0.9796,0.9809,0.9806,0.9778,0.9801,0.9812,0.9781,0.9813,0.9839,0.9814,0.9808,0.9826,0.9787,0.9796,0.9835,0.9805,0.9824,0.9832,0.9827,0.9828,0.985,0.9837,0.9842,0.9827,0.9822,0.9841,0.9809,0.9827,0.9805,0.9825,0.9824,0.9833,0.9844,0.9833,0.9852,0.9842,0.9837,0.9848,0.9823,0.986,0.9839,0.9833,0.9844,0.9849,0.9842,0.9865,0.9857,0.9828,0.9841,0.9876,0.9836,0.9856,0.9849,
FedAvg-cifar10_vgg_binary 0.1003,0.1359,0.1511,0.169,0.1978,0.2004,0.2705,0.2751,0.3025,0.3335,0.3554,0.3558,0.3688,0.3829,0.4012,0.4073,0.4133,0.4223,0.4306,0.4259,0.4302,0.4473,0.4539,0.4502,0.455,0.4598,0.4707,0.4678,0.4797,0.4746,0.496,0.5082,0.5067,0.517,0.5273,0.5358,0.5414,0.5386,0.5529,0.5526,0.5618,0.5573,0.5613,0.5666,0.5756,0.5748,0.5776,0.5863,0.5979,0.5997,0.6059,0.6012,0.6049,0.614,0.6162,0.622,0.6242,0.6278,0.6292,0.631,0.6276,0.6382,0.629,0.6425,0.645,0.6457,0.6424,0.6455,0.6508,0.6497,0.6629,0.6546,0.6596,0.6603,0.6717,0.6596,0.6711,0.6682,0.6807,0.6806,0.6771,0.6741,0.6751,0.6742,0.6819,0.6817,0.6877,0.69,0.6811,0.6876,0.6914,0.6877,0.6972,0.6977,0.6992,0.6897,0.7094,0.6947,0.709,0.7068,0.7074
FedAvg-cifar10_vgg_full 0.0916,0.1,0.1,0.1156,0.2546,0.3879,0.3882,0.4555,0.4785,0.4969,0.5116,0.5248,0.5463,0.5593,0.5771,0.5865,0.5912,0.6124,0.6073,0.6218,0.6379,0.6394,0.6526,0.6534,0.6615,0.666,0.6749,0.6717,0.6853,0.6866,0.693,0.6956,0.7012,0.7003,0.7081,0.7149,0.7156,0.7226,0.7252,0.7253,0.7259,0.727,0.7311,0.7376,0.7389,0.741,0.7453,0.7437,0.7476,0.7471,0.7511,0.7528,0.7534,0.7499,0.7536,0.7601,0.7623,0.7656,0.7675,0.7664,0.7647,0.7663,0.7716,0.7714,0.7715,0.7718,0.7724,0.7758,0.7736,0.7819,0.7799,0.7861,0.7799,0.7872,0.7859,0.7859,0.7878,0.7849,0.7869,0.7912,0.7929,0.783,0.795,0.7923,0.7957,0.7985,0.7957,0.7946,0.7988,0.7979,0.7956,0.8034,0.8052,0.7977,0.7963,0.8035,0.8057,0.8042,0.8053,0.8057,0.8031
FedAvg-mnist_xnorNet 0.1272,0.9053,0.9461,0.9391,0.9499,0.9606,0.9557,0.9666,0.9697,0.9725,0.9649,0.976,0.9658,0.9794,0.9707,0.9781,0.9781,0.9792,0.9716,0.9736,0.9761,0.9744,0.9789,0.9825,0.9824,0.9763,0.9812,0.9827,0.981,0.9826,0.9798,0.9839,0.9837,0.9837,0.9829,0.9833,0.9812,0.9834,0.9828,0.9841,0.9837,0.9836,0.9838,0.9832,0.986,0.9838,0.9827,0.983,0.9827,0.9848,0.9851,0.9839,0.9854,0.9823,0.984,0.9824,0.9837,0.9848,0.986,0.9861,0.9877,0.9864,0.9857,0.9865,0.9877,0.9843,0.9852,0.9837,0.9823,0.9874,0.9863,0.9853,0.9866,0.9843,0.9872,0.9874,0.9846,0.9853,0.9855,0.9857,0.9851,0.9846,0.9856,0.9854,0.9858,0.9851,0.9876,0.9852,0.9869,0.9853,0.9879,0.9866,0.9876,0.9877,0.9862,0.9869,0.9864,0.9878,0.9865,0.9876,0.987
FedAvg-mnist_xnorNet_inverse(5) 0.1131,0.8743,0.9223,0.942,0.924,0.9521,0.922,0.9062,0.9097,0.9377,0.9646,0.9657,0.915,0.9604,0.9667,0.9619,0.9648,0.9645,0.9448,0.9691,0.9661,0.9727,0.9706,0.9757,0.9735,0.9495,0.9715,0.9574,0.9591,0.9679,0.9724,0.9725,0.9715,0.9725,0.9593,0.9719,0.9722,0.9731,0.9697,0.9721,0.9728,0.9569,0.9691,0.9724,0.968,0.9672,0.9737,0.969,0.9709,0.9193,0.9655,0.9732,0.9648,0.9735,0.8677,0.9499,0.9736,0.9455,0.9685,0.9711,0.9736,0.9687,0.9733,0.9563,0.9561,0.9711,0.7667,0.9584,0.9592,0.9596,0.9704,0.9483,0.9716,0.9566,0.9457,0.9562,0.9585,0.9614,0.9692,0.9481,0.9505,0.9607,0.9701,0.9666,0.9711,0.9711,0.9738,0.9722,0.7659,0.9687,0.9689,0.9704,0.9615,0.9648,0.9515,0.9643,0.9698,0.9555,0.9651,0.9695,0.9605
FedAvg-mnist_xnorNet_noise_0.1(5) 0.1263,0.8692,0.9482,0.9524,0.9589,0.9596,0.962,0.9556,0.9607,0.9627,0.9609,0.9663,0.9692,0.9725,0.9696,0.9706,0.9783,0.9789,0.981,0.9749,0.9777,0.9781,0.9753,0.9762,0.9824,0.9787,0.9813,0.9835,0.9801,0.9811,0.9821,0.9832,0.9808,0.9835,0.9831,0.9822,0.9827,0.9836,0.9832,0.983,0.9843,0.9843,0.9838,0.9809,0.9826,0.9856,0.9843,0.9835,0.9852,0.9842,0.9865,0.9846,0.9867,0.9873,0.9838,0.9862,0.9864,0.9857,0.9836,0.9855,0.9849,0.9878,0.9864,0.985,0.9874,0.9871,0.9861,0.9863,0.9849,0.9855,0.9855,0.9843,0.9854,0.9861,0.9866,0.9858,0.9832,0.9861,0.9871,0.9886,0.9855,0.9873,0.9867,0.9867,0.9864,0.9875,0.9875,0.9877,0.9881,0.9867,0.9853,0.9859,0.9873,0.985,0.9886,0.9874,0.9885,0.9865,0.9874,0.9879,0.9874
FedAvg-mnist_xnorNet_noise_0.4(5) 0.0769,0.4953,0.9206,0.905,0.9394,0.9444,0.9442,0.9438,0.9488,0.9448,0.9484,0.9539,0.9612,0.9657,0.9373,0.9696,0.9525,0.9693,0.932,0.9732,0.9704,0.9665,0.9698,0.9688,0.9773,0.9688,0.9752,0.9762,0.9753,0.9753,0.9729,0.9773,0.9782,0.969,0.9802,0.9762,0.9721,0.9729,0.9769,0.978,0.9814,0.9601,0.9753,0.9708,0.9808,0.9762,0.9822,0.9732,0.9781,0.9683,0.9809,0.9704,0.9741,0.9727,0.967,0.9746,0.9796,0.9733,0.9783,0.9818,0.9745,0.9804,0.9828,0.9781,0.9814,0.9766,0.9828,0.9799,0.982,0.9853,0.9756,0.9836,0.9763,0.9814,0.9814,0.9813,0.982,0.9819,0.9733,0.9757,0.975,0.9831,0.9844,0.9783,0.9783,0.9791,0.985,0.9839,0.9859,0.9818,0.9798,0.9794,0.9804,0.9841,0.9847,0.983,0.9834,0.9822,0.9788,0.9756,0.9826
FedAvg-cifar10_vgg_full_inverse(5) 0.1,0.1,0.1,0.1,0.1923,0.1,0.2393,0.1,0.2731,0.1028,0.1,0.1,0.2811,0.3204,0.1013,0.1,0.1,0.1021,0.1,0.1,0.3151,0.1,0.1208,0.3137,0.3328,0.1342,0.4037,0.1,0.2833,0.3409,0.137,0.3335,0.1066,0.3825,0.1,0.1,0.1,0.1,0.1009,0.1,0.1,0.1,0.214,0.2652,0.1088,0.1,0.2076,0.1171,0.1121,0.1,0.1008,0.1,0.1,0.1,0.1,0.1003,0.1,0.1,0.1,0.1,0.1021,0.2785,0.0997,0.1113,0.1,0.1,0.1,0.1873,0.1,0.1,0.1,0.1,0.1,0.1753,0.1555,0.1827,0.1,0.3004,0.1,0.16,0.1842,0.2319,0.1,0.1,0.1628,0.1,0.1317,0.2841,0.1,0.1,0.1878,0.2421,0.1,0.1171,0.2164,0.1,0.1,0.1,0.1,0.1,0.1
FedAvg-cifar10_vgg_full_0.1(5) 0.1,0.1,0.1,0.1,0.1194,0.1044,0.1814,0.193,0.2644,0.2484,0.3133,0.3158,0.3497,0.3473,0.3645,0.3705,0.379,0.3897,0.4246,0.4216,0.4115,0.4296,0.4373,0.443,0.4524,0.4549,0.4589,0.4701,0.4748,0.4706,0.4728,0.4927,0.4918,0.5123,0.4917,0.5137,0.5202,0.5142,0.5284,0.5258,0.5367,0.5413,0.5363,0.5392,0.5422,0.5502,0.5374,0.5539,0.554,0.5614,0.5511,0.554,0.5732,0.5737,0.5649,0.5748,0.5787,0.5811,0.5751,0.5788,0.5694,0.5788,0.5792,0.5896,0.59,0.5872,0.5957,0.5862,0.6072,0.5938,0.596,0.6013,0.5829,0.5984,0.592,0.5978,0.6019,0.6019,0.5959,0.5994,0.6098,0.5991,0.6117,0.5984,0.6247,0.6322,0.6285,0.63,0.625,0.6368,0.6301,0.6307,0.6326,0.6318,0.6341,0.6231,0.6197,0.6358,0.6231,0.6323,0.63
FedAvg-cifar10_vgg_full_0.4(5) 0.0994,0.1,0.1,0.1,0.1,0.1,0.1002,0.1155,0.2193,0.1848,0.2508,0.1975,0.2588,0.2628,0.277,0.3339,0.3499,0.3273,0.3651,0.3626,0.4049,0.3624,0.4042,0.3802,0.4354,0.4248,0.4329,0.4604,0.4595,0.4715,0.4979,0.4824,0.4986,0.5144,0.4993,0.5343,0.5223,0.5301,0.5514,0.5208,0.525,0.5568,0.532,0.5533,0.569,0.5816,0.5707,0.5311,0.5595,0.5881,0.5647,0.5773,0.5551,0.576,0.5919,0.5818,0.5759,0.5826,0.6096,0.5616,0.5602,0.6252,0.59,0.6166,0.6168,0.601,0.6202,0.6303,0.6246,0.5875,0.6244,0.6001,0.6131,0.6211,0.6112,0.6071,0.6149,0.6273,0.6313,0.618,0.6373,0.6186,0.6377,0.6267,0.5829,0.6378,0.6175,0.6483,0.6333,0.6163,0.6455,0.6328,0.6495,0.6112,0.6636,0.6467,0.648,0.664,0.6623,0.666,0.6709
FedAvg-cifar10_vgg_binary_inverse(5) 0.1008, 0.1815, 0.1825, 0.1587, 0.2311, 0.177, 0.2049, 0.2626, 0.2697, 0.2768, 0.3114, 0.2712, 0.2882, 0.2825, 0.3156, 0.3069, 0.3092, 0.3002, 0.2588, 0.2606, 0.2968, 0.268, 0.1978, 0.2898, 0.3032, 0.2478, 0.2692, 0.2414, 0.3019, 0.3065, 0.3256, 0.3463, 0.3492, 0.3481, 0.2973, 0.3176, 0.3097, 0.3098, 0.2937, 0.2388, 0.2851, 0.2638, 0.2782, 0.3254, 0.3225, 0.3472, 0.3251, 0.2656, 0.1158, 0.2882, 0.2849, 0.259, 0.2678, 0.2379, 0.2132, 0.1691, 0.2251, 0.2555, 0.2134, 0.2698, 0.2885, 0.2568, 0.3078, 0.272, 0.2948, 0.3078, 0.2703, 0.2716, 0.2596, 0.2684, 0.2418, 0.2413, 0.2091, 0.2165, 0.2182, 0.2414, 0.2629, 0.2467, 0.2612, 0.2859, 0.2598, 0.2494, 0.2684, 0.2326, 0.2674, 0.2481, 0.2312, 0.2068, 0.2471, 0.2494, 0.2166, 0.1917, 0.2178, 0.2561, 0.2409, 0.2788, 0.2849, 0.2933, 0.2612, 0.2947, 0.2912
FedAvg-cifar10_vgg_binary_0.4(5) 0.1041, 0.1447, 0.1711, 0.102, 0.1852, 0.2257, 0.2741, 0.288, 0.3088, 0.3514, 0.3665, 0.3789, 0.4024, 0.4168, 0.4314, 0.4318, 0.4451, 0.4626, 0.4653, 0.4694, 0.4895, 0.4993, 0.4905, 0.5233, 0.5225, 0.5374, 0.5407, 0.5594, 0.5695, 0.564, 0.5844, 0.5804, 0.5921, 0.6057, 0.6015, 0.5997, 0.597, 0.6175, 0.6046, 0.6035, 0.6335, 0.6335, 0.6325, 0.6441, 0.6398, 0.6286, 0.653, 0.6511, 0.6615, 0.6641, 0.6508, 0.668, 0.6403, 0.6545, 0.6741, 0.6749, 0.6795, 0.6843, 0.6817, 0.6901, 0.6877, 0.6792, 0.695, 0.6968, 0.6953, 0.697, 0.6933, 0.7001, 0.6981, 0.6892, 0.7028, 0.697, 0.7008, 0.7166, 0.7041, 0.7175, 0.7164, 0.7164, 0.714, 0.723, 0.7035, 0.7239, 0.7189, 0.7273, 0.7281, 0.7241, 0.727, 0.7263, 0.7349, 0.7253, 0.733, 0.7333, 0.7205, 0.7305, 0.7381, 0.7405, 0.7392, 0.7412, 0.7279, 0.739, 0.7418
FedAvg-cifar10_vgg_binary_0.1(5) 0.1039, 0.1233, 0.1592, 0.2276, 0.1958, 0.2266, 0.2203, 0.2737, 0.3027, 0.3054, 0.332, 0.3649, 0.3772, 0.3918, 0.3939, 0.4145, 0.422, 0.4201, 0.4316, 0.4428, 0.4516, 0.4478, 0.469, 0.4759, 0.4841, 0.4914, 0.4982, 0.5067, 0.5105, 0.5169, 0.5173, 0.5214, 0.5434, 0.5297, 0.5418, 0.5532, 0.5597, 0.5713, 0.579, 0.5749, 0.58, 0.584, 0.5886, 0.5952, 0.6013, 0.6107, 0.6082, 0.62, 0.6121, 0.621, 0.6308, 0.6331, 0.6246, 0.6333, 0.6404, 0.6429, 0.6483, 0.6433, 0.6457, 0.6564, 0.6469, 0.6529, 0.6622, 0.6687, 0.6641, 0.6691, 0.6667, 0.6691, 0.6713, 0.6787, 0.6669, 0.6834, 0.6727, 0.6829, 0.6864, 0.6834, 0.6785, 0.6812, 0.6952, 0.6985, 0.6886, 0.6969, 0.6969, 0.6914, 0.7072, 0.6956, 0.7101, 0.7026, 0.7054, 0.719, 0.7102, 0.7175, 0.7048, 0.7213, 0.7108, 0.7207, 0.7174, 0.7201, 0.7157, 0.7211, 0.7181
Krum_cifar10_vgg_binary_0.1(5) 0.0998, 0.2654, 0.2604, 0.2565, 0.2901, 0.2609, 0.298, 0.26, 0.3099, 0.3183, 0.3639, 0.3709, 0.3529, 0.3865, 0.3695, 0.3598, 0.4109, 0.4091, 0.3809, 0.4173, 0.3898, 0.4298, 0.4632, 0.4564, 0.4938, 0.4733, 0.466, 0.4569, 0.495, 0.478, 0.4852, 0.4981, 0.4986, 0.5131, 0.5121, 0.5066, 0.5085, 0.5324, 0.557, 0.5278, 0.5489, 0.5427, 0.5437, 0.5292, 0.5381, 0.5698, 0.5233, 0.5604, 0.5527, 0.5706, 0.5643, 0.588, 0.5695, 0.5689, 0.5792, 0.5575, 0.5844, 0.5893, 0.5831, 0.5866, 0.5959, 0.5984, 0.5928, 0.6135, 0.5506, 0.5981, 0.613, 0.6133, 0.6236, 0.6035, 0.6051, 0.5768, 0.6072, 0.6027, 0.6167, 0.6353, 0.6156, 0.635, 0.6362, 0.6197, 0.6178, 0.6394, 0.6195, 0.6301, 0.6398, 0.6138, 0.6243, 0.5988, 0.6468, 0.6592, 0.6257, 0.6479, 0.6469, 0.6417, 0.6462, 0.6516, 0.6507, 0.6413, 0.6619, 0.6589, 0.6639
Krum_cifar10_vgg_binary_0.4(5) 0.0872, 0.2245, 0.2473, 0.239, 0.2646, 0.2614, 0.2929, 0.3081, 0.3051, 0.3431, 0.3558, 0.3212, 0.3529, 0.3644, 0.3908, 0.3827, 0.4176, 0.4216, 0.4056, 0.4435, 0.44, 0.461, 0.4445, 0.4554, 0.4599, 0.4705, 0.4642, 0.464, 0.4973, 0.4869, 0.4909, 0.4826, 0.4862, 0.5011, 0.5114, 0.5039, 0.487, 0.5074, 0.5201, 0.5435, 0.5412, 0.5189, 0.5647, 0.563, 0.5253, 0.5544, 0.5383, 0.5754, 0.5705, 0.5688, 0.5761, 0.5206, 0.585, 0.5811, 0.5257, 0.5664, 0.5878, 0.5922, 0.5792, 0.5899, 0.5738, 0.5837, 0.5889, 0.5965, 0.6132, 0.6064, 0.5954, 0.6166, 0.5836, 0.592, 0.5774, 0.5978, 0.5834, 0.5695, 0.6095, 0.6073, 0.6198, 0.622, 0.6165, 0.6315, 0.6147, 0.6144, 0.6144, 0.6316, 0.6338, 0.6101, 0.6257, 0.608, 0.6444, 0.6442, 0.6343, 0.6362, 0.6499, 0.6423, 0.644, 0.645, 0.6521, 0.6307, 0.6554, 0.6653, 0.6432
TransAvg_mnist_base 0.6768, 0.7571, 0.8653, 0.8825, 0.8886, 0.8991, 0.8997, 0.9102, 0.9135, 0.9139, 0.9151, 0.9211, 0.9203, 0.9251, 0.9221, 0.9324, 0.9306, 0.9354, 0.9307, 0.9361, 0.9395, 0.9381, 0.9392, 0.9363, 0.9387, 0.9433, 0.9472, 0.9455, 0.9472, 0.9491, 0.949, 0.9492, 0.9514, 0.9541, 0.9522, 0.9534, 0.9525, 0.9582, 0.9594, 0.9533, 0.9583, 0.9592, 0.9593, 0.958, 0.9563, 0.9609, 0.964, 0.9633, 0.9642, 0.9657, 0.9633, 0.9658, 0.9665, 0.9648, 0.9642, 0.964, 0.9673, 0.963, 0.9628, 0.9674, 0.9657, 0.9669, 0.9667, 0.9685, 0.9692, 0.9692, 0.9663, 0.9692, 0.967, 0.9685, 0.9674, 0.9697, 0.9714, 0.972, 0.9717, 0.9683, 0.9689, 0.9717, 0.9702, 0.9719, 0.9715, 0.969, 0.971, 0.9718, 0.971, 0.9735, 0.9734, 0.9729, 0.9724, 0.973, 0.9739, 0.9738, 0.9745, 0.9742, 0.9739, 0.9706, 0.9726, 0.9744, 0.9733, 0.9755
TransAvg_mnist_0.4 0.5593, 0.637, 0.7754, 0.8024, 0.8448, 0.8759, 0.8636, 0.8725, 0.8729, 0.8902, 0.902, 0.9042, 0.9174, 0.9213, 0.9233, 0.9197, 0.9252, 0.9295, 0.9241, 0.9335, 0.9335, 0.9378, 0.9401, 0.9357, 0.9418, 0.943, 0.9465, 0.9469, 0.9447, 0.9499, 0.9532, 0.9549, 0.9562, 0.9558, 0.9571, 0.9569, 0.9602, 0.9601, 0.9571, 0.9603, 0.9602, 0.961, 0.9606, 0.9622, 0.9596, 0.9641, 0.9649, 0.9655, 0.9638, 0.9671, 0.9669, 0.9673, 0.9653, 0.965, 0.967, 0.9664, 0.9658, 0.9662, 0.9683, 0.969, 0.9675, 0.9686, 0.9688, 0.969, 0.9698, 0.9697, 0.9687, 0.9706, 0.9706, 0.9698, 0.9719, 0.9693, 0.97, 0.972, 0.9711, 0.972, 0.9748, 0.9734, 0.9731, 0.9725, 0.9732, 0.9698, 0.973, 0.9711, 0.971, 0.9732, 0.9729, 0.9737, 0.9728, 0.9746, 0.9749, 0.9747, 0.9744, 0.9738, 0.9739, 0.974, 0.9725, 0.9749, 0.9754, 0.9716
TransAvg_mnist_0.1 0.095, 0.6076, 0.5384, 0.7567, 0.8349, 0.8626, 0.8683, 0.8746, 0.8858, 0.8895, 0.8949, 0.8989, 0.9047, 0.9051, 0.9186, 0.911, 0.9169, 0.9245, 0.9292, 0.9296, 0.9306, 0.9313, 0.9372, 0.9369, 0.9414, 0.9442, 0.9458, 0.9451, 0.9476, 0.9512, 0.9506, 0.9529, 0.9528, 0.9545, 0.9534, 0.9558, 0.9588, 0.9569, 0.9594, 0.9587, 0.9586, 0.9623, 0.9614, 0.9645, 0.9618, 0.9627, 0.9611, 0.9644, 0.9613, 0.9639, 0.9634, 0.9648, 0.968, 0.9662, 0.9681, 0.9666, 0.9671, 0.9677, 0.9682, 0.9671, 0.968, 0.9703, 0.9702, 0.9696, 0.9695, 0.9697, 0.9704, 0.9698, 0.9698, 0.9712, 0.9714, 0.9719, 0.9718, 0.9715, 0.9705, 0.9708, 0.9701, 0.9735, 0.9709, 0.9709, 0.9728, 0.9723, 0.972, 0.9733, 0.9738, 0.9735, 0.973, 0.9721, 0.9731, 0.972, 0.9732, 0.9732, 0.9742, 0.9741, 0.9738, 0.9744, 0.9736, 0.9734, 0.9741, 0.9751, 0.9759
#TransAvg_mnist_inv [(0, 0.1081), (1, 0.6736), (2, 0.6837), (3, 0.6376), (4, 0.8033), (5, 0.7505), (6, 0.8394), (7, 0.836), (8, 0.8683), (9, 0.8549), (10, 0.862), (11, 0.8508), (12, 0.8806), (13, 0.8719), (14, 0.867), (15, 0.8844), (16, 0.8577), (17, 0.8444), (18, 0.8641), (19, 0.7947), (20, 0.8542), (21, 0.8571), (22, 0.8267), (23, 0.8466), (24, 0.8834), (25, 0.8719), (26, 0.8592), (27, 0.8679), (28, 0.8551), (29, 0.8217), (30, 0.8107), (31, 0.8327), (32, 0.8616), (33, 0.8502), (34, 0.8477), (35, 0.857), (36, 0.8606), (37, 0.8693), (38, 0.8559), (39, 0.8549), (40, 0.7746), (41, 0.7881), (42, 0.7878), (43, 0.8522), (44, 0.8341), (45, 0.8075), (46, 0.7802), (47, 0.8539), (48, 0.7704), (49, 0.821), (50, 0.8284), (51, 0.7273), (52, 0.8298), (53, 0.8201), (54, 0.8609), (55, 0.8153), (56, 0.8467), (57, 0.8427), (58, 0.8492), (59, 0.8496), (60, 0.8591), (61, 0.85), (62, 0.8714), (63, 0.8738), (64, 0.8601), (65, 0.4214), (66, 0.8333), (67, 0.7661), (68, 0.7972), (69, 0.8513), (70, 0.8373), (71, 0.8654), (72, 0.8526), (73, 0.8362), (74, 0.845), (75, 0.7874), (76, 0.8375), (77, 0.8364), (78, 0.8332), (79, 0.7731), (80, 0.8402), (81, 0.7192), (82, 0.8379), (83, 0.652), (84, 0.7893), (85, 0.8432), (86, 0.8446), (87, 0.8249), (88, 0.8489), (89, 0.7873), (90, 0.8444), (91, 0.8409), (92, 0.7614), (93, 0.8014), (94, 0.7903), (95, 0.8303), (96, 0.8357), (97, 0.8153), (98, 0.8571), (99, 0.8865), (100, 0.8529)]}
#TransAvg_mnist_inv [(0, 0.0993), (1, 0.6916), (2, 0.618), (3, 0.7563), (4, 0.8244), (5, 0.8396), (6, 0.7847), (7, 0.7382), (8, 0.8295), (9, 0.8223), (10, 0.7055), (11, 0.8017), (12, 0.8028), (13, 0.8521), (14, 0.8235), (15, 0.8538), (16, 0.8686), (17, 0.8581), (18, 0.8457), (19, 0.8866), (20, 0.8425), (21, 0.781), (22, 0.8502), (23, 0.6353), (24, 0.8169), (25, 0.8298), (26, 0.8438), (27, 0.8468), (28, 0.8622), (29, 0.8692), (30, 0.8529), (31, 0.8525), (32, 0.8533), (33, 0.8806), (34, 0.8729), (35, 0.891), (36, 0.8835), (37, 0.8629), (38, 0.8486), (39, 0.8674), (40, 0.8541), (41, 0.8701), (42, 0.8328), (43, 0.8529), (44, 0.8348), (45, 0.8646), (46, 0.8416), (47, 0.8463), (48, 0.8409), (49, 0.8409), (50, 0.859), (51, 0.8723), (52, 0.8674), (53, 0.8721), (54, 0.8696), (55, 0.8786), (56, 0.8544), (57, 0.8756), (58, 0.8479), (59, 0.8765), (60, 0.868), (61, 0.8538), (62, 0.8566), (63, 0.8332), (64, 0.862), (65, 0.7968), (66, 0.8707), (67, 0.8533), (68, 0.8713), (69, 0.8282), (70, 0.8725), (71, 0.8831), (72, 0.8837), (73, 0.8823), (74, 0.8876), (75, 0.875), (76, 0.8879), (77, 0.8872), (78, 0.8885), (79, 0.8833), (80, 0.8877), (81, 0.8867), (82, 0.8845), (83, 0.8809), (84, 0.8915), (85, 0.8868), (86, 0.8876), (87, 0.8776), (88, 0.8697), (89, 0.8761), (90, 0.889), (91, 0.8768), (92, 0.8691), (93, 0.8586), (94, 0.8903), (95, 0.8687), (96, 0.8643), (97, 0.8292), (98, 0.8467), (99, 0.8741), (100, 0.8426)]}
TransAvg_mnist_inv 0.101, 0.873, 0.8956, 0.8931, 0.9074, 0.9048, 0.9119, 0.9162, 0.9199, 0.9198, 0.9213, 0.9198, 0.9219, 0.9253, 0.9266, 0.9302, 0.9284, 0.9359, 0.9415, 0.9327, 0.9392, 0.936, 0.9456, 0.9414, 0.939, 0.9389, 0.9374, 0.9432, 0.9446, 0.9518, 0.9475, 0.9444, 0.9508, 0.9522, 0.9486, 0.9529, 0.9528, 0.9507, 0.9563, 0.9514, 0.9533, 0.9557, 0.9554, 0.9537, 0.9565, 0.9594, 0.9605, 0.9613, 0.9506, 0.9564, 0.9598, 0.9548, 0.961, 0.9544, 0.9618, 0.9591, 0.9547, 0.962, 0.9579, 0.9622, 0.9575, 0.9635, 0.9641, 0.9646, 0.9612, 0.9589, 0.9636, 0.9592, 0.9625, 0.9587, 0.9638, 0.9601, 0.9594, 0.9603, 0.9633, 0.9597, 0.9604, 0.9618, 0.9643, 0.9631, 0.9594, 0.9605, 0.9625, 0.9636, 0.9663, 0.9638, 0.9637, 0.9563, 0.9599, 0.9637, 0.9669, 0.9627, 0.966, 0.9632, 0.965, 0.9584, 0.9657, 0.9672, 0.962, 0.9662
TransAvg_mnist_flip_dict 0.1091, 0.6599, 0.5303, 0.8197, 0.8432, 0.8636, 0.8657, 0.8725, 0.883, 0.8468, 0.8373, 0.899, 0.9029, 0.9017, 0.9184, 0.908, 0.921, 0.9277, 0.9218, 0.9288, 0.9305, 0.9321, 0.9138, 0.9382, 0.9402, 0.942, 0.9452, 0.9457, 0.9482, 0.9441, 0.9503, 0.9506, 0.9466, 0.9541, 0.951, 0.9537, 0.9509, 0.9509, 0.9571, 0.9585, 0.9544, 0.9578, 0.9588, 0.9615, 0.9614, 0.9591, 0.9632, 0.9645, 0.9621, 0.9593, 0.9618, 0.9628, 0.9654, 0.9632, 0.9668, 0.966, 0.9643, 0.9663, 0.966, 0.9689, 0.9665, 0.9655, 0.9653, 0.9672, 0.969, 0.9682, 0.9706, 0.9688, 0.9688, 0.9706, 0.968, 0.972, 0.9683, 0.9687, 0.9702, 0.9699, 0.9702, 0.9715, 0.9719, 0.9719, 0.9713, 0.9685, 0.9724, 0.9731, 0.9719, 0.9713, 0.9681, 0.9726, 0.9719, 0.9709, 0.9694, 0.9717, 0.9723, 0.9724, 0.972, 0.9752, 0.9731, 0.9746, 0.9747, 0.9732, 0.9742
FedAvg_mnist_base_flip_dict 0.1112,0.6724,0.6143,0.7348,0.8382,0.8625,0.8567,0.8289,0.8583,0.8908,0.8136,0.7452,0.8961,0.8841,0.8986,0.8881,0.9086,0.9161,0.9222,0.9254,0.9171,0.9317,0.9215,0.925,0.9406,0.9343,0.9447,0.9399,0.9478,0.9507,0.9441,0.943,0.954,0.9532,0.9539,0.9568,0.5861,0.9541,0.9578,0.9515,0.9589,0.9535,0.9558,0.9594,0.9613,0.9626,0.9618,0.9591,0.9623,0.9627,0.9643,0.9659,0.9587,0.9623,0.937,0.9661,0.9608,0.9624,0.9689,0.9606,0.9677,0.9618,0.9692,0.9675,0.9678,0.9625,0.9683,0.9682,0.9657,0.9669,0.9691,0.9724,0.9701,0.9671,0.9712,0.9724,0.9717,0.9709,0.9664,0.972,0.9714,0.9723,0.9721,0.9731,0.9333,0.9701,0.9727,0.9727,0.9701,0.9725,0.9696,0.9738,0.9726,0.9736,0.973,0.9713,0.9734,0.9725,0.9761,0.9738,0.9337,
FedMedian_mnist_flip_dict 0.096,0.5194,0.7277,0.7933,0.8333,0.8702,0.8711,0.8932,0.8992,0.8926,0.8975,0.9122,0.8758,0.9125,0.9093,0.9213,0.9098,0.9203,0.9191,0.9324,0.937,0.9306,0.9384,0.9429,0.9332,0.9459,0.9466,0.9479,0.9461,0.9516,0.9533,0.9461,0.9559,0.9441,0.9559,0.9576,0.9248,0.9578,0.9324,0.9592,0.959,0.959,0.9628,0.9615,0.9608,0.9644,0.9651,0.9618,0.9632,0.9602,0.9647,0.9638,0.9665,0.9649,0.9613,0.9678,0.9658,0.9685,0.9645,0.9681,0.9622,0.9657,0.9704,0.9692,0.9691,0.9699,0.9714,0.9572,0.9682,0.971,0.9707,0.9695,0.9709,0.9698,0.9706,0.9704,0.9725,0.9704,0.9723,0.973,0.9731,0.9707,0.97,0.9746,0.9744,0.9724,0.975,0.9731,0.9731,0.9721,0.9722,0.9706,0.9737,0.9732,0.9721,0.9729,0.9735,0.9744,0.9746,0.9739,0.9751,
FedAvg_mnist_full_flip_dict 0.1135,0.0958,0.1135,0.1135,0.1135,0.1135,0.1028,0.1135,0.1135,0.1135,0.1135,0.1135,0.1135,0.1135,0.1135,0.1135,0.1135,0.1135,0.1135,0.1135,0.1135,0.1135,0.1135,0.1135,0.1135,0.1135,0.1135,0.1135,0.1135,0.1135,0.1135,0.1135,0.1135,0.1135,0.1135,0.1135,0.1135,0.1135,0.1135,0.1135,0.1135,0.1135,0.1135,0.1135,0.1135,0.1135,0.1135,0.1135,0.1135,0.1135,0.1135,0.1028,0.1135,0.1135,0.1135,0.1135,0.1135,0.1135,0.1135,0.1135,0.1135,0.1135,0.1135,0.1135,0.1135,0.1135,0.1135,0.1135,0.1135,0.1135,0.1135,0.1135,0.1135,0.1135,0.1135,0.1135,0.1135,0.1135,0.1135,0.1135,0.1135,0.1135,0.1135,0.1135,0.1135,0.1135,0.1135,0.1135,0.1135,0.1135,0.1135,0.1135,0.1135,0.1135,0.1135,0.1135,0.1135,0.1135,0.1135,0.1135,0.1135,
TransAvg_mnist-base 0.0993,0.6935,0.6805,0.7736,0.8317,0.8513,0.8488,0.8819,0.8833,0.8842,0.8945,0.8932,0.901,0.9008,0.909,0.9127,0.9138,0.9243,0.9199,0.9323,0.9304,0.9381,0.9345,0.9417,0.9439,0.9445,0.9433,0.9442,0.9461,0.9502,0.9526,0.9517,0.9553,0.9553,0.9556,0.9561,0.9564,0.9581,0.9589,0.9578,0.9585,0.9607,0.9597,0.9625,0.9625,0.9627,0.9623,0.9649,0.963,0.9644,0.9662,0.9672,0.9656,0.9636,0.9655,0.9668,0.9667,0.9652,0.9685,0.9672,0.9664,0.9675,0.9688,0.9689,0.9703,0.9698,0.9689,0.9694,0.9723,0.9721,0.9713,0.9705,0.9724,0.9694,0.9707,0.9726,0.9702,0.9718,0.9716,0.9723,0.9716,0.9725,0.9722,0.9712,0.9712,0.9721,0.9715,0.9737,0.9728,0.9746,0.9749,0.9749,0.975,0.9734,0.9743,0.976,0.9755,0.9751,0.9759,0.9755,0.9752,
TransAvg_mnist-base-noniid fl.server.strategy.FedAvg0.1155,0.6556,0.2907,0.3741,0.3217,0.1904,0.2611,0.2362,0.3642,0.2291,0.2656,0.2774,0.3031,0.3206,0.2852,0.3699,0.2766,0.3684,0.2664,0.3562,0.2743,0.3507,0.3632,0.2911,0.2994,0.3226,0.3397,0.441,0.3416,0.2288,0.5152,0.4141,0.5473,0.3812,0.4645,0.2849,0.4505,0.2783,0.4514,0.316,0.4292,0.3036,0.4538,0.3321,0.4472,0.306,0.3016,0.3638,0.3229,0.3733,0.3609,0.4496,0.3765,0.3358,0.3683,0.3961,0.3845,0.4576,0.3589,0.4387,0.2194,0.3583,0.3886,0.4363,0.5239,0.3951,0.4385,0.4868,0.3602,0.4227,0.3984,0.4474,0.3465,0.4639,0.461,0.3293,0.4302,0.333,0.3625,0.3287,0.406,0.4847,0.3708,0.5184,0.4173,0.3947,0.3805,0.4172,0.3297,0.3695,0.3856,0.3942,0.4366,0.3461,0.3887,0.3399,0.427,0.5046,0.3294,0.3888,0.1707,
# IID
## AlexNetFull (Base)
0.1893,0.9095,0.924,0.9362,0.942,0.9497,0.9535,0.9545,0.9556,0.9585,0.9576,0.9601,0.9607,0.9637,0.9642,0.9636,0.9643,0.9633,0.966,0.9659,0.9671,0.9688,0.97,0.9674,0.9686,0.967,0.9716,0.9717,0.9705,0.9696,0.9696,0.9723,0.9718,0.971,0.9737,0.9714,0.9727,0.9727,0.9742,0.9729,0.9738,0.9733,0.9759,0.9736,0.9727,0.9722,0.9742,0.9737,0.9747,0.9738,0.9728,0.9736,0.9726,0.9744,0.9738,0.9748,0.9746,0.9766,0.9763,0.976,0.9748,0.9773,0.975,0.976,0.9765,0.9757,0.9764,0.9773,0.9765,0.9772,0.9754,0.9769,0.9747,0.9771,0.9764,0.9781,0.9779,0.9785,0.98,0.979,0.9768,0.9787,0.9791,0.9783,0.9774,0.9788,0.9779,0.979,0.979,0.98,0.9788,0.9791,0.9777,0.9781,0.9786,0.9795,0.9784,0.9791,0.979,0.9791,0.9799,
0.1058,0.8931,0.9055,0.2488,0.9261,0.937,0.9445,0.9478,0.951,0.9534,0.955,0.9581,0.9609,0.9607,0.9623,0.9647,0.9624,0.9648,0.9647,0.9659,0.9666,0.9689,0.9668,0.9692,0.9694,0.9701,0.9695,0.9707,0.9706,0.9725,0.9706,0.9725,0.9709,0.9736,0.9729,0.9731,0.9738,0.9738,0.9751,0.9751,0.9722,0.9752,0.9629,0.176,0.9663,0.97,0.9704,0.5936,0.718,0.9464,0.9598,0.0974,0.8304,0.0974,0.9144,0.9321,0.9391,0.9445,0.9505,0.9373,0.2659,0.9375,0.9393,0.6703,0.9475,0.7661,0.1507,0.2773,0.9208,0.2217,0.4414,0.5049,0.5132,0.0974,0.9122,0.9279,0.9296,0.1779,0.934,0.6367,0.9212,0.3473,0.1766,0.9244,0.9356,0.9368,0.941,0.4781,0.9415,0.8582,0.5246,0.6477,0.3747,0.7467,0.3813,0.9289,0.934,0.7971,0.9398,0.9415,0.9439,
0.0906,0.856,0.904,0.8616,0.9377,0.9416,0.944,0.9504,0.9554,0.9543,0.9563,0.9572,0.9598,0.9599,0.9647,0.9644,0.9633,0.9661,0.9665,0.9656,0.9676,0.9695,0.0974,0.9019,0.0974,0.845,0.92,0.2228,0.1823,0.8977,0.8725,0.2051,0.0974,0.911,0.3412,0.9181,0.0974,0.9125,0.9212,0.8487,0.9341,0.7686,0.9385,0.66,0.5846,0.9345,0.0974,0.2829,0.8809,0.7788,0.9167,0.7134,0.5646,0.9183,0.6092,0.1489,0.9166,0.9233,0.894,0.0979,0.9206,0.931,0.9221,0.0974,0.1634,0.9059,0.84,0.4707,0.8201,0.9214,0.5585,0.5035,0.7505,0.7,0.7855,0.6668,0.8508,0.2834,0.9217,0.7725,0.8281,0.9264,0.9367,0.9263,0.9417,0.84,0.9399,0.1105,0.9166,0.7322,0.7456,0.592,0.0974,0.8853,0.0974,0.869,0.2123,0.8293,0.1068,0.7994,0.8501,0.7691,0.9167,0.0974,0.8247,0.9026,0.73,0.2503,0.8551,0.8587,0.9189,0.8929,0.9248,0.9309,0.9385,0.94,0.8525,0.9388,0.9426,0.9473,0.9491,0.9476,0.9492,0.9551,0.9527,0.9473,0.955,0.9571,0.9548,0.9596,0.9515,0.6625,0.9532,0.8256,0.953,0.9537,0.8661,0.9481,0.9508,0.7541,0.9332,0.7411,0.944,0.9437,0.6492,0.8628,0.7094,0.8429,0.8613,0.933,0.9371,0.8115,0.9382,0.9439,0.7216,0.2166,0.8265,0.0975,0.8753,0.8501,0.2063,0.2404,0.9064,0.8048,0.9215,0.7056,0.8885,0.9242,0.8457,0.9294,0.7134,0.8573,0.7533,0.546,0.9161,0.9299,0.9329,0.8995,0.8787,0.9358,0.9393,0.9422,0.925,0.1242,0.9252,0.8273,0.9328,0.9299,0.6587,0.9087,0.7867,0.8676,0.9279,0.9364,0.3133,0.5602,0.8753,0.5545,0.3145,0.8908,0.4033,
0.1171,0.7081,0.8982,0.9301,0.9259,0.9311,0.8426,0.9249,0.8007,0.7533,0.7433,0.95,0.9513,0.8384,0.9557,0.9552,0.9482,0.9389,0.9454,0.9603,0.9651,0.9502,0.9471,0.1205,0.3776,0.9507,0.6742,0.9536,0.5805,0.9525,0.0974,0.1365,0.1369,0.5625,0.4173,0.9003,0.8778,0.9307,0.0974,0.9171,0.0974,0.8581,0.9099,0.8425,0.9196,0.9301,0.9093,0.9396,0.9433,0.0974,0.9263,0.4979,0.9343,0.6928,0.6318,0.9338,0.8839,0.6675,0.933,0.9423,0.9467,0.95,0.9418,0.8276,0.6864,0.2023,0.9152,0.9378,0.9444,0.1391,0.5487,0.4537,0.8952,0.9099,0.1124,0.2299,0.886,0.4754,0.9176,0.9236,0.5808,0.8414,0.9325,0.7745,0.9347,0.412,0.2328,0.8609,0.9247,0.9183,0.1645,0.9283,0.9322,0.8878,0.8439,0.8575,0.2209,0.925,0.9334,0.8793,0.94,
